1:
	高斯消去法第一题
x[0]=-0.491059
x[1]=-0.050886
x[2]=0.367257
2:
	高斯消去法第二题
x[0]=0.196429
x[1]=-0.892857
x[2]=1.857143
