digit=7
j=4
-123.45
arr1[1]=1,figure=100.000000000000000
arr1[2]=2,figure=120.000000000000000
arr1[3]=3,figure=123.000000000000000
arr1[5]=4,figure=123.400001525878910
arr1[6]=5,figure=123.450004577636720
figure=-123.450004577636720
